Sample	Input	Quality_controlled	Decontaminated	Entropy_filtered
DC001_S10_L001	33841318	25087284	25086230	25082478
DC002_S15_L001	33798414	24281006	24280394	24276964
DC003_S16_L001	37754384	28690470	28688712	28685158
DC004_S23_L001	33513710	23867374	23825768	23822616
DC005_S33_L001	37797068	28148108	28017352	28014723
DC006_S34_L001	42416914	31318676	31315736	31312510
DC007_S44_L001	41940948	30765034	30763300	30759675
DC009_S51_L001	34865932	25450216	25448998	25443653
DC010_S56_L001	45404264	33550378	33548014	33543374
DC011_S59_L001	26828344	19619004	19611978	19608137
DC013_S84_L001	39279788	28229894	28211416	28207359
DC015_S88_L001	41289396	29711402	29707556	29703709
DC016_S92_L001	47333336	33677320	33668362	33660720
DC017_S96_L001	38250456	28496460	28491728	28487445
DC018_S98_L001	50068424	35991288	35987694	35970792
DC019_S101_L001	36788336	26766600	26765126	26757977
DC020_S104_L001	51113330	37700042	37697982	37693612
DC021_S105_L001	36752646	26135122	25953858	25949595
DC022_S112_L001	39869892	28682230	28676392	28671845
DC023_S117_L001	37468754	26899928	25748436	25744996
DC024_S124_L001	56268664	42254378	42213432	42198762
DC026_S125_L001	51611522	37661330	37655108	37647076
DC027_S127_L002	48028114	36177484	36153638	36147366
DC029_S128_L002	52249846	38320946	38064466	38058227
DC031_S132_L002	39739836	29051402	29042886	29037412
DC032_S133_L002	40247626	28967962	28938304	28934277
DC033_S139_L002	38936440	28479720	28435442	28430795
DC034_S140_L002	48891214	35816946	35801812	35793702
DC035_S144_L002	58595072	44466058	44300880	44296135
DC036_S162_L002	38398750	27711616	27705732	27694363
DC037_S167_L002	43412200	31663606	31660452	31644127
DC038_S172_L002	37639616	27637490	27633658	27626106
DC039_S188_L002	43050774	32032066	31813576	31809023
DC041_S189_L002	35683864	26229772	26227870	26222783
DC042_S194_L002	41206752	30047704	30035918	30029775
DC044_S203_L002	32671096	24507176	24506460	24502978
DC046_S207_L002	38905754	28380338	28378834	28374914
DC048_S208_L002	43679596	31815060	31805858	31801650
DC049_S210_L002	40307910	29976028	29965640	29962460
DC050_S212_L002	36957536	27307578	27305352	27301969
DC051_S213_L002	38832562	27346082	27337960	27333663
DC052_S214_L002	41644884	30229854	30229456	30225368
DC054_S225_L002	37306920	27452540	27451860	27448910
DC056_S226_L002	44447298	33114666	33091448	33087536
DC057_S228_L002	44171570	32753614	32748950	32745017
DC058_S230_L002	42707178	31898056	31888232	31884644
DC059_S231_L002	32751842	23455748	23455084	23452815
DC060_S233_L002	40322934	29193876	29189232	29185228
DC061_S236_L002	46862686	33571134	33328212	33321897
DC063_S240_L002	35941574	27516630	27502982	27499721
DC064_S245_L002	29275278	22070318	22062532	22059716
DC065_S246_L002	41215356	30747922	30733252	30728203
DC066_S249_L002	40568222	30401026	30399834	30395984
DC067_S275_L003	33042102	24977534	24976726	24974055
DC068_S276_L003	30893840	23146914	23121852	23119309
DC069_S277_L003	24934612	18177654	17957006	17954810
DC070_S278_L003	27197110	20116136	20115436	20113168
DC071_S279_L003	33357572	25763164	25659530	25656729
DC072_S280_L003	32829196	23988230	23985984	23982304
DC073_S281_L003	32149122	24072294	24059932	24057167
DC075_S282_L003	32913286	24990994	24989940	24986505
DC076_S283_L003	35974654	27432500	27430862	27427665
DC077_S284_L003	33549554	25205348	25201480	25198599
DC078_S286_L003	35918042	26527638	26517096	26509298
DC079_S287_L003	33562502	24938982	24918294	24909122
DC081_S289_L003	29378310	22157758	22083940	22077092
DC082_S290_L003	31346884	22593730	22591674	22528462
DC083_S291_L003	31258110	22960606	22876936	22862599
DC085_S293_L003	36923190	28677906	28676210	28673561
DC087_S295_L003	33375078	24145982	24141138	24130949
DC090_S298_L003	34936190	26073374	26071658	26066198
DC092_S299_L003	28106496	21125742	21119764	21117326
DC094_S301_L003	34444278	25674480	25672784	25669783
DC095_S302_L003	35406250	26565328	26552766	26545569
DC096_S303_L003	35538974	26018448	25999934	25897084
DC097_S304_L003	29765562	21325188	21228274	21224406
DC098_S305_L003	29892236	19794566	19781310	19745886
DC099_S306_L003	30776466	21892408	21887976	21875623
DC100_S307_L003	32073480	23416284	23413448	23400410
DC101_S308_L003	29568942	21155364	21152038	21147662
DC102_S309_L003	28787328	20128418	20126688	20122327
DC103_S310_L003	40604888	30732220	30729996	30722426
DC104_S311_L003	41001080	30223422	30197646	30161220
DC105_S312_L003	32850286	23863344	23861072	23841587
DC106_S313_L003	31287202	22911570	22889658	22881914
DC107_S314_L003	29401598	21424418	21422312	21279441
DC108_S315_L003	36790442	27449564	27432290	27424912
DC109_S316_L003	34249370	25653284	25648658	25607270
DC110_S317_L003	17450206	12886892	12886130	12653531
DC111_S318_L003	35257414	26760132	26756794	26753793
DC112_S319_L003	33399964	24611776	24556040	24553002
DC113_S320_L003	32042564	22954912	22950140	22935212
DC114_S321_L003	28783828	19935376	19901994	19899300
DC115_S322_L003	34244980	24505798	24497008	24481419
DC117_S323_L003	35829918	25658182	25654148	25634675
DC118_S324_L003	41191280	30089186	30071418	30066455
DC119_S325_L003	43134072	32198538	32189624	32177642
DC120_S326_L003	30480456	22393376	22387996	22383051
DC121_S327_L003	35939060	26970262	26877934	26874393
DC123_S329_L003	28552352	21327070	21228184	21222871
DC125_S331_L003	33818378	25068628	25063906	25060035
DC126_S332_L003	31332446	23315082	23310466	23305818
DC127_S333_L003	35290288	26143738	26141908	26086038
DC128_S334_L003	38874758	29731968	29227178	29224496
DC129_S335_L003	36841500	28644622	27954718	27952105
DC131_S337_L003	39341280	29756922	29752960	29742739
DC135_S341_L003	37472580	28556818	28556144	28550508
DC136_S342_L003	32120900	23444236	23442378	23427710
DC137_S343_L003	30941846	22485404	22481982	22472672
DC138_S344_L003	30562258	22055430	22054244	21954086
DC139_S345_L003	32661356	23516766	23499612	23460803
DC140_S346_L003	33556948	25003322	24909984	24893011
DC141_S347_L003	42181250	31008740	30974468	30961670
DC145_S351_L003	30414930	22524654	22511558	22500845
DC147_S353_L003	30920882	22544624	22540750	22483766
DC148_S354_L003	38508696	29381150	29374002	29369496
DC149_S355_L003	32045600	23519574	23467328	23426386
DC150_S356_L003	31062322	22735264	22733276	22657573
DC151_S357_L003	32337540	24258890	24253862	24217100
DC152_S358_L003	32101514	23594948	23573284	23414068
DC153_S359_L003	33483022	24816244	24814098	24805377
DC154_S360_L003	39086306	28603122	28599216	28585352
DC155_S361_L003	27416156	19875196	19870842	19855988
DC156_S362_L003	32952850	24585080	23909146	23901396
DC158_S363_L003	35054256	26167532	26166306	26160581
DC159_S364_L003	30958222	23794422	23794014	23782833
DC160_S365_L003	36255072	27157092	27152448	27148858
DC161_S366_L003	26645708	19651882	19628100	19618542
DC162_S367_L003	30578660	22250606	22243802	22236989
DC163_S368_L003	35248252	25370496	25366844	25319382
DC164_S369_L003	31560640	23474182	23461054	23457672
DC165_S370_L003	34553534	25439730	25436848	25429843
DC166_S374_L003	30759124	22409640	22358766	22345558
DC167_S379_L003	38536570	28538860	28525306	28520928
DP001_S1_L001	37071498	27064880	27058946	27055172
DP002_S2_L001	38948934	27900548	27880208	27874746
DP003_S3_L001	37885878	27570232	27461356	27456114
DP004_S4_L001	41828272	30829704	30823462	30819782
DP005_S5_L001	43754036	31285378	31227110	31221200
DP006_S6_L001	38976332	25973108	25915208	25911426
DP007_S7_L001	37334480	27322078	27317194	27314101
DP008_S8_L001	43958474	31628768	31619976	31612143
DP009_S9_L001	36266388	26808204	26802880	26798666
DP011_S11_L001	36087286	25642044	25610870	25604960
DP012_S12_L001	39223210	28302584	28300584	28290265
DP013_S13_L001	41449576	29959860	29952508	29945398
DP014_S14_L001	38967034	27750982	27691562	27684558
DP017_S17_L001	35858668	25456382	25409538	25403727
DP018_S18_L001	41401198	29869152	29760304	29755404
DP019_S19_L001	35585150	26081838	26079014	26075775
DP020_S20_L001	39424328	27838952	27797584	27793510
DP021_S21_L001	41100610	29506476	29451272	29447706
DP022_S22_L001	40452848	28392880	28359380	28355982
DP024_S24_L001	40731732	29140036	29093202	29089291
DP025_S25_L001	36863074	27020992	27015304	27011068
DP026_S26_L001	37566718	27232600	27231992	27227068
DP027_S27_L001	35441536	23463354	23449212	23446022
DP028_S28_L001	39450036	28970382	28953466	28949588
DP029_S29_L001	43123906	12222152	12207140	12201917
DP030_S30_L001	37921948	27408212	27362558	27358134
DP031_S31_L001	37824294	27583480	27580792	27577233
DP032_S32_L001	37745900	27250108	27247564	27242663
DP035_S35_L001	41740648	30104252	30102410	30098685
DP037_S37_L001	46289112	34363732	34358828	34355483
DP038_S38_L001	41293500	30451742	30432336	30429208
DP039_S39_L001	38497420	26710068	26706358	26702665
DP040_S40_L001	43384432	30138408	30133678	30129873
DP041_S41_L001	38280382	27174074	27166530	27161597
DP042_S42_L001	47072560	34431774	34412374	34406699
DP043_S43_L001	39191432	28387778	28366688	28362621
DP045_S45_L001	44402404	31861868	31712760	31706952
DP046_S46_L001	37913766	26215572	24677822	24675694
DP047_S47_L001	35832926	25273530	25269872	25265788
DP048_S48_L001	44309384	31556628	31546680	31541223
DP049_S49_L001	40022222	29670242	29665914	29659209
DP050_S50_L001	39151718	28476964	28474304	28466270
DP052_S52_L001	39406646	29096648	28973576	28961551
DP053_S53_L001	42759246	31717758	31715778	31709822
DP054_S54_L001	38733320	28237858	28161536	28156897
DP055_S55_L001	35228784	25708134	25668868	25659964
DP057_S57_L001	33981902	24169972	24168566	24161116
DP058_S58_L001	36347378	26632308	26596350	26590081
DP060_S60_L001	36465596	26787678	26783608	26778589
DP061_S61_L001	38275950	28003726	27997680	27992771
DP063_S62_L001	37056854	26687756	26661472	26653601
DP064_S63_L001	45370914	32635806	32633354	32626257
DP065_S64_L001	34559436	24084758	24067446	24055714
DP066_S65_L001	35245056	25345466	25325464	25320657
DP067_S66_L001	40270546	29495474	29486650	29479179
DP068_S67_L001	35036896	25159040	25158004	25152971
DP069_S68_L001	43771988	32384912	32384232	32380221
DP070_S69_L001	36855808	26337000	26328906	26323801
DP071_S70_L001	35608938	26015530	25690152	25686827
DP072_S71_L001	36396976	26382212	26349746	26345087
DP073_S72_L001	35350816	25421016	25418206	25414780
DP074_S73_L001	35982146	25693624	25457068	25453582
DP075_S74_L001	33264264	23376976	23373900	23369520
DP077_S76_L001	35133444	25195258	25190322	25186822
DP078_S77_L001	31769412	22696098	22686600	22681254
DP079_S78_L001	34507806	24536322	24478672	24475412
DP080_S79_L001	37950860	24875718	24859338	24855570
DP081_S80_L001	34981510	24302570	24295118	24292344
DP082_S81_L001	32749024	23547242	23540442	23537014
DP083_S82_L001	33570246	23696478	23669742	23665508
DP084_S83_L001	35284466	25806898	25785934	25782966
DP086_S85_L001	32483836	23746984	23742260	23739590
DP087_S86_L001	33015616	23800912	23679216	23676386
DP088_S87_L001	36902646	26386196	26306192	26302362
DP090_S89_L001	39240342	28092426	28090938	28087649
DP091_S90_L001	39654830	28696972	28684336	28680091
DP092_S91_L001	39777588	29024074	29011082	29006484
DP094_S93_L001	39972708	28828658	28827210	28823151
DP095_S94_L001	41944588	30880582	30856540	30851502
DP096_S95_L001	36593890	26790536	26761072	26755733
DP098_S97_L001	46382204	34580908	34454038	34447829
DP100_S99_L001	42375778	31035932	30726470	30717704
DP101_S100_L001	44496042	33031300	32964044	32956114
DP103_S102_L001	40858380	30474288	30469964	30465677
DP104_S103_L001	44469490	33313838	33285066	33277593
DP107_S106_L001	41356638	30556406	30516290	30512498
DP108_S107_L001	41943568	31177270	31168924	31165652
DP109_S108_L001	45923292	33542488	33539436	33534547
DP110_S109_L001	34997682	26234162	26231964	26229332
DP111_S110_L001	36960036	26036306	25826848	25823872
DP112_S111_L001	50222566	30015518	30013370	30006784
DP114_S113_L001	45987274	32923296	32917738	32913233
DP115_S114_L001	38158712	27396130	27388652	27384045
DP116_S115_L001	38088826	27126598	27113972	27109666
DP117_S116_L001	39107918	28546010	28526188	28522048
DP119_S118_L001	34323380	24201812	24200956	24196395
DP120_S119_L001	40554848	29725316	29704102	29699266
DP121_S120_L001	36243722	26963380	26955462	26949339
DP122_S121_L001	43734290	32540584	32507794	32495106
DP123_S122_L001	55000876	39694258	39693424	39673048
DP124_S123_L001	39751366	29490470	29481328	29472190
DP127_S126_L001	38990318	28529942	28521108	28513122
DP130_S129_L002	34755656	25081872	25074576	25069994
DP131_S130_L002	42544038	29837910	29831578	29822736
DP132_S131_L002	43719616	31494410	31493266	31488424
DP135_S134_L002	39961334	28277468	28271952	28264370
DP136_S135_L002	43731550	32359910	32353016	32347049
DP137_S136_L002	51580184	38398092	38367016	38360163
DP138_S137_L002	42677406	31236686	31236004	31231051
DP139_S138_L002	40209858	29746072	29720228	29715476
DP143_S142_L002	43920486	31925548	31923550	31916533
DP144_S143_L002	48803280	36686062	36656586	36650541
DP146_S145_L002	44676738	33425694	33424474	33418614
DP147_S146_L002	45062626	33601566	33600020	33594173
DP148_S147_L002	48473366	36500900	36494028	36489855
DP149_S148_L002	51985644	39050042	39044652	39038138
DP150_S149_L002	48150938	35743158	35674036	35669014
DP151_S150_L002	35739630	25867306	25866374	25847929
DP152_S151_L002	49355582	37054962	37052300	37045894
DP153_S152_L002	34719128	25710716	25709810	25705020
DP154_S153_L002	36950070	27558706	27552508	27544410
DP155_S154_L002	43584770	32600250	32582710	32573245
DP156_S155_L002	41531526	30919182	30909564	30903295
DP157_S156_L002	44584080	33297660	33237520	33229054
DP158_S157_L002	38598042	27883304	27876572	27864658
DP159_S158_L002	36292826	26147134	26144952	26137827
DP160_S159_L002	47089174	36082140	35948456	35942822
DP161_S160_L002	39792916	30159174	30115788	30108588
DP162_S161_L002	30355060	22610922	22601722	22577822
DP164_S163_L002	28062814	20804280	20789850	20776408
DP165_S164_L002	39553658	29523338	29518530	29493560
DP166_S165_L002	40178178	30152634	30150972	30144108
DP167_S166_L002	39659018	29798216	29791048	29778339
DP169_S168_L002	43284700	32439732	32417916	32406641
DP170_S169_L002	34840188	26439458	26431244	26427128
DP171_S170_L002	35577042	25766862	25763386	25749600
DP172_S171_L002	38133400	28475006	28450462	28438024
DP175_S173_L002	40986400	30143436	30078452	30068363
DP176_S174_L002	46187228	34628450	34625436	34609247
DP177_S175_L002	52790866	39348656	39294094	39288421
DP178_S176_L002	40889616	30545082	30540650	30536474
DP179_S177_L002	47299678	36324418	36323454	36319084
DP180_S178_L002	35060470	23537258	23427388	23423398
DP181_S179_L002	46548718	35149462	31938214	31933814
DP183_S181_L002	38412314	28711180	28286050	28282104
DP184_S182_L002	53087510	39403668	39393110	39387846
DP185_S183_L002	41159576	31240782	31212392	31209010
DP186_S184_L002	36583026	27487472	27307594	27302936
DP187_S185_L002	40102054	28503298	28480884	28471929
DP188_S186_L002	36714996	27319378	27317266	27313420
DP189_S187_L002	42275250	30742752	30725248	30720639
DP192_S190_L002	43360338	32224042	32188094	32182696
DP193_S191_L002	37023720	27101932	27074248	27071120
DP194_S192_L002	57275438	42161656	42087440	42081002
DP195_S193_L002	46699346	34662406	34659334	34654218
DP197_S195_L002	56405624	42647962	42637658	42632829
DP198_S196_L002	51020870	37627984	37623890	37617996
DP199_S197_L002	52323320	37084404	36947962	36942603
DP200_S198_L002	44664234	32338810	32330242	32323489
DP201_S199_L002	38208818	28004716	27947636	27941564
DP202_S200_L002	42857078	30922864	29870540	29867506
DP203_S201_L002	31859260	23985620	23983176	23979891
DP204_S202_L002	49106666	36396528	36374332	36367717
DP206_S204_L002	54051926	40175190	40128478	40121105
DP207_S205_L002	39526992	29321466	29290242	29285739
DP208_S206_L002	40071382	30023994	30015654	30010481
DP211_S209_L002	41895140	30767638	30764240	30760435
DP213_S211_L002	37044808	27097632	27082370	27079493
DP218_S216_L002	39060902	28863804	28835426	28831075
DP219_S217_L002	29263602	20797052	20793474	20789729
DP220_S218_L002	39126046	28367152	28364716	28358591
DP221_S219_L002	38362654	28695126	28426420	28423284
DP222_S220_L002	43192180	32301830	32284990	32280339
DP223_S221_L002	36130372	26011688	25990512	25985574
DP224_S222_L002	37976270	28143276	28121342	28115874
DP225_S223_L002	49367788	36115838	36113222	36108651
DP226_S224_L002	31650060	23804900	23774580	23772007
DP229_S227_L002	38800456	29412962	29410246	29407279
DP231_S229_L002	39401128	29485234	29467060	29463973
DP234_S232_L002	42576486	31292694	31289602	31285467
DP236_S234_L002	37610558	27689382	27683524	27680108
DP237_S235_L002	33443966	25112164	25110128	25107392
DP239_S237_L002	40286636	29773958	29771324	29767579
DP240_S238_L002	45778128	33028960	32825102	32819915
DP241_S239_L002	32719314	24007374	24004328	24000985
DP243_S241_L002	40783544	29943836	29934084	29927354
DP244_S242_L002	36665448	27671436	27670608	27666417
DP245_S243_L002	32000640	23991802	23985328	23981760
DP246_S244_L002	34485346	26460034	26423954	26420672
DP249_S247_L002	40027196	28895050	28810154	28805528
DP250_S248_L002	33903228	25554758	25543724	25540348
DP252_S250_L002	29184144	21453906	21444584	21440983
DP253_S251_L002	47484752	35271818	35270902	35265418
DP254_S252_L002	47030250	36057900	36053806	36049064
DP255_S253_L002	45965076	34591512	34362684	34357929
DP256_S254_L003	33749490	25780870	25751238	25748193
DP258_S255_L003	32926138	24239042	24234788	24231571
DP260_S256_L003	32400600	23659022	23656948	23653538
DP261_S257_L003	29255610	21018314	21015898	21012637
DP262_S258_L003	30908288	22595568	22583618	22580792
DP263_S259_L003	32789860	24540446	24443172	24439352
DP264_S260_L003	33146260	25031208	25002866	25000287
DP265_S261_L003	34003956	25111874	25080810	25077779
DP267_S262_L003	31110088	23690150	23678994	23676449
DP269_S263_L003	33119026	24337974	24336604	24333188
DP270_S264_L003	31538622	23316994	23313046	23310178
DP271_S265_L003	31028140	22830186	22828400	22825827
DP272_S266_L003	26240988	19210466	19174590	19172438
DP273_S267_L003	31165248	22725206	22722778	22720147
DP274_S268_L003	28186588	21147976	21145910	21143605
DP275_S269_L003	32101436	23783212	23778786	23776036
DP276_S270_L003	30855790	21423866	21314508	21312071
DP277_S271_L003	36916632	27656906	27633308	27629916
DP278_S272_L003	28579832	21239950	21239540	21237150
DP279_S273_L003	28533578	21276750	21262406	21260148
DP280_S274_L003	25120662	18075350	18071176	18068566
DP281_S288_L003	30036922	22041512	22036734	22033659
DP282_S292_L003	37865722	28232782	28225746	28222683
DP284_S294_L003	44110810	32812852	32805502	32797697
DP285_S296_L003	34845868	26684228	26664884	26661891
DP287_S297_L003	25666524	19252780	19250206	19245041
DP292_S328_L003	24914222	18577740	18573086	18570018
DP293_S330_L003	36299566	27110964	27102630	27098634
DP294_S336_L003	35964368	27260302	27253916	27251036
DP295_S338_L003	37716954	29174454	29170898	29168404
DP296_S339_L003	39963514	30695218	30680366	30677231
DP297_S340_L003	35102084	26691108	26687526	26682863
DP299_S348_L003	33643912	24540890	24539416	24522285
DP300_S349_L003	31325862	23496950	23368606	23362577
DP301_S350_L003	34129476	25070582	25067520	25047955
DP302_S352_L003	26069648	18783528	18779536	18602955
DP303_S371_L003	37034356	27801534	27785966	27781416
DP304_S372_L003	39841526	29658484	29644478	29639817
DP305_S373_L003	31923784	24227274	24219958	24216521
DP307_S375_L003	34004482	24364504	24358980	24354139
DP308_S376_L003	27593532	20368796	20350840	20346849
DP309_S377_L003	25853614	18383554	18382248	18376099
DP310_S378_L003	30510050	22297800	22296318	22280428
DC168_UAB832_S26_L001	67408628	48372046	47911638	47907514
DC169_UAB832_S27_L001	23435820	15656778	15633708	15631613
DC170_UAB832_S28_L001	54188736	40616160	40562346	40558915
DC171_UAB832_S29_L001	59230046	17226678	17223038	17216950
DC172_UAB832_S30_L001	42406712	31010572	31000068	30997400
DC173_UAB832_S31_L001	68295918	49744274	49738244	49731368
DC174_UAB832_S32_L001	81806960	58779790	58774442	58767378
DC175_UAB832_S33_L001	72459164	51409414	51389786	51385231
DC176_UAB832_S34_L001	64076634	44601430	44464020	44460378
DC177_UAB832_S35_L001	47568622	32855050	32736592	32732378
DC178_UAB832_S61_L001	65021318	44966558	44961636	44954871
DC179_UAB832_S62_L001	72945710	52441860	52431118	52424782
DC181_UAB832_S63_L001	74442410	50313452	50278572	50272976
DC182_UAB832_S64_L001	69015306	48560214	48530698	48526373
DC183_UAB832_S65_L001	55288144	38319218	38225000	38221330
DC185_UAB832_S66_L001	78141322	57650986	57634328	57625722
DC186_UAB832_S67_L001	47457298	35407786	35402020	35398918
DC187_UAB832_S68_L001	87719614	63751654	63694504	63682292
DC188_UAB832_S69_L001	48680486	34902028	34899586	34894409
DC189_UAB832_S70_L001	74800250	52870924	52851710	52843194
DC193_UAB832_S85_L001	62397338	41818770	41809308	41800505
DC194_UAB832_S86_L001	54507866	38742204	38734388	38729849
DC195_UAB832_S87_L001	73902468	52370502	52328880	52324341
DC196_UAB832_S88_L001	80381174	46994196	46950410	46946270
DC198_UAB832_S89_L001	91711796	64214900	63899122	63887193
DC199_UAB832_S90_L001	70592472	49170362	49148066	49142971
DC200_UAB832_S91_L001	81538810	56832192	56803514	56793465
DC201_UAB832_S92_L001	74740672	54808600	54797674	54792432
DC202_UAB832_S93_L001	57358832	42222304	42205968	42201997
DC203_UAB832_S38_L002	37244876	25336764	25323576	25320618
DC204_UAB832_S39_L002	66481280	45000820	44983558	44978748
DC205_UAB832_S40_L002	40272050	27560938	27557318	27554447
DC206_UAB832_S41_L002	53384460	36554384	36515858	36512907
DC208_UAB832_S42_L002	80358946	55236378	54347148	54342522
DC209_UAB832_S43_L002	33733914	23413388	23098654	23096248
DC211_UAB832_S44_L002	73022414	49991566	49692290	49687337
DC212_UAB832_S45_L002	36591136	25335064	25328808	25325669
DC213_UAB832_S76_L004	54865400	40074272	40052568	40048260
DC214_UAB832_S46_L002	88573162	62716102	62691688	62686534
DC215_UAB832_S47_L002	59719488	41112484	41076726	41073001
DC216_UAB832_S73_L002	76905912	52457016	52453244	52448705
DC217_UAB832_S74_L002	55937760	38910536	38865728	38861712
DC218_UAB832_S75_L002	39356936	27066742	27051212	27047013
DC219_UAB832_S76_L002	59276812	41308730	41299180	41294205
DC221_UAB832_S77_L002	75056134	50519648	50502798	50496116
DC223_UAB832_S78_L002	71185226	50554608	50374120	50367286
DC224_UAB832_S79_L002	83725478	55434624	55416066	55408414
DC226_UAB832_S80_L002	70993754	49580104	49561998	49557823
DC229_UAB832_S81_L002	100230020	68729728	68718904	68713126
DC230_UAB832_S82_L002	39866476	28646436	28642170	28639188
DC231_UAB832_S92_L002	61687894	41379322	41375672	41370807
DC232_UAB832_S93_L002	66958976	48282684	48279206	48274697
DC234_UAB832_S94_L002	79834304	58259474	58234488	58229159
DC235_UAB832_S95_L002	79426166	55551010	55541802	55536420
DC239_UAB832_S18_L003	63736146	48586318	48506170	48501927
DC241_UAB832_S19_L003	54794496	41558870	41547370	41544123
DC243_UAB832_S20_L003	63677306	47850542	47831874	47827581
DC244_UAB832_S21_L003	60679588	44781174	44775104	44771549
DC245_UAB832_S22_L003	61521548	45976614	45875852	45871803
DC246_UAB832_S23_L003	63463732	42282802	42280632	42277381
DC247_UAB832_S49_L003	78790876	57637926	57633400	57627889
DC248_UAB832_S50_L003	40939086	30430164	30402170	30398362
DC249_UAB832_S51_L003	72928186	55179774	55102918	55097842
DC252_UAB832_S52_L003	62408996	47020702	47005500	47001270
DC253_UAB832_S53_L003	90623092	68522764	68449658	68443471
DC254_UAB832_S54_L003	68835862	51251280	50799882	50795053
DC255_UAB832_S55_L003	65872910	47430666	47403670	47398374
DC257_UAB832_S56_L003	66334746	49195596	49166054	49160696
DC259_UAB832_S57_L003	58475294	43172138	43163642	43159038
DC261_UAB832_S58_L003	57264382	42112008	41909714	41905709
DC263_UAB832_S85_L003	70637654	52685462	52677006	52671413
DC265_UAB832_S86_L003	62818462	45779244	45733494	45729003
DC266_UAB832_S87_L003	72714658	53062432	53031178	53026154
DC267_UAB832_S88_L003	64773936	48052652	48040294	48035451
DC268_UAB832_S89_L003	65596128	48698892	48686420	48681729
DC269_UAB832_S90_L003	66472654	49360438	49343896	49339226
DC270_UAB832_S91_L003	59993268	44425368	44419096	44414533
DC271_UAB832_S92_L003	62964392	46937460	46899082	46894820
DC273_UAB832_S93_L003	88906050	66213566	66097514	66091214
DC274_UAB832_S94_L003	68771330	51389688	51311358	51306275
DC276_UAB832_S26_L004	56431446	36100622	36036258	36032718
DC277_UAB832_S27_L004	41990406	26747232	26741718	26739492
DC279_UAB832_S28_L004	83191520	55203538	55198648	55186322
DC281_UAB832V2_S94_L004	277190864	188551588	188527616	188498688
DC282_UAB832_S29_L004	55822744	37279224	37252336	37243300
DC283_UAB832_S30_L004	64776344	41986210	41911994	41905473
DC285_UAB832_S31_L004	57866230	38179768	38055258	38051430
DC287_UAB832_S32_L004	53085818	36342738	36254764	36251099
DC288_UAB832_S33_L004	54595502	36704708	36684206	36680810
DC290_UAB832_S34_L004	59724288	40665486	40529634	40525748
DC291_UAB832_S61_L004	62081016	46741564	46718076	46714182
DC292_UAB832_S62_L004	67530860	49984844	49956588	49951088
DC293_UAB832_S63_L004	53461116	38406672	38378984	38375392
DC294_UAB832_S64_L004	54815026	39015118	38580580	38573993
DC296_UAB832V2_S95_L004	232949930	166812442	166767044	166746487
DC297_UAB832_S65_L004	67183898	48589668	48490008	48483278
DC298_UAB832_S66_L004	50820420	37363432	37276644	37271657
DC300_UAB832V2_S96_L004	196647596	128223482	128214546	128193646
DC302_UAB832_S67_L004	60043630	42821068	42812834	42807699
DC305_UAB832_S68_L004	58050658	41008378	41005554	40996580
DC307_UAB832_S70_L004	74366230	55948040	55832724	55827045
DC308_UAB832_S71_L004	65857652	47709324	47704936	47695025
DC310_UAB832_S72_L004	59632850	43495884	43492876	43486462
DC312_UAB832_S73_L004	67250410	49789614	49775530	49770534
DC313_UAB832_S74_L004	55283670	40762836	40751866	40747379
DC314_UAB832_S75_L004	79092432	57382430	57366544	57360221
DP312_UAB832_S1_L001	84571266	51422438	50239640	50233145
DP313_UAB832_S2_L001	87817462	58832016	58796532	58790101
DP316_UAB832_S3_L001	86200992	64535352	64473730	64467308
DP317_UAB832_S4_L001	55260006	36184744	36148414	36145237
DP319_UAB832_S5_L001	62697406	44709446	44698810	44690253
DP320_UAB832_S6_L001	79219232	54798978	54745682	54740773
DP321_UAB832_S7_L001	56249660	39093358	39067926	39063785
DP322_UAB832_S8_L001	48845190	30764550	30750838	30748195
DP323_UAB832_S9_L001	79071808	54590564	54440740	54435815
DP324_UAB832_S10_L001	46878386	33616672	33151268	33148511
DP326_UAB832_S11_L001	50558126	37452750	37394842	37390727
DP327_UAB832_S12_L001	72648342	52771088	52761116	52756269
DP328_UAB832_S13_L001	45455552	34660182	34385178	34381674
DP331_UAB832_S14_L001	39187868	27994254	27927594	27924910
DP332_UAB832_S15_L001	49384626	36474348	36461920	36458025
DP333_UAB832_S16_L001	62399346	43638932	43458750	43454309
DP334_UAB832_S17_L001	67631290	40483854	29740838	29739254
DP335_UAB832_S18_L001	56741000	39913560	39906786	39902844
DP336_UAB832_S19_L001	49371092	35680148	35670688	35666606
DP337_UAB832_S20_L001	73462528	53489516	53271058	53265868
DP338_UAB832_S21_L001	29379344	21792934	21703584	21701409
DP339_UAB832_S22_L001	27502810	19333156	19321132	19319520
DP340_UAB832_S23_L001	50891634	35967582	35933192	35929589
DP341_UAB832_S24_L001	62421508	44765656	44699202	44694823
DP342_UAB832_S25_L001	45430262	29972226	29948288	29945621
DP344_UAB832_S37_L001	20242036	14873404	3367102	3366802
DP346_UAB832_S38_L001	57357232	42308170	42237314	42233895
DP347_UAB832_S39_L001	52079024	38780842	38752112	38748614
DP348_UAB832_S40_L001	64146444	47140038	47115580	47111221
DP349_UAB832_S41_L001	46775614	34929750	34894830	34891518
DP350_UAB832_S42_L001	45529482	29439992	29400666	29397560
DP351_UAB832_S43_L001	38530160	26968590	26513778	26510867
DP352_UAB832_S44_L001	41276422	29802726	29595896	29593362
DP353_UAB832_S45_L001	51497302	37253244	37225972	37222168
DP354_UAB832_S46_L001	53262924	37434176	37432282	37428157
DP356_UAB832_S47_L001	36019286	25950302	25945134	25941880
DP357_UAB832V2_S95_L001	287021634	200990460	200976698	200957359
DP359_UAB832_S48_L001	73075846	48590084	48571758	48564992
DP360_UAB832_S49_L001	79556884	54413342	54043024	54037147
DP361_UAB832_S50_L001	56283766	42186932	42166410	42161000
DP362_UAB832_S51_L001	75674102	57094714	57042582	57037362
DP364_UAB832_S52_L001	40657612	30698780	30657722	30653436
DP367_UAB832_S53_L001	35840214	25126492	25125244	25122247
DP368_UAB832_S54_L001	74264312	47654788	47650982	47642848
DP369_UAB832_S55_L001	52505210	36535156	36525938	36521672
DP371_UAB832_S56_L001	52104258	33716844	33674716	33671236
DP373_UAB832_S57_L001	73652366	54067806	54038776	54029906
DP375_UAB832_S58_L001	49521814	36919372	36901298	36897115
DP376_UAB832_S59_L001	24300196	18693374	18672494	18670871
DP377_UAB832_S60_L001	59970870	45159450	45147678	45143025
DP379_UAB832_S71_L001	70607508	50717112	50704630	50699759
DP380_UAB832_S72_L001	73284200	52201620	52190956	52185925
DP381_UAB832_S73_L001	47446212	34252824	34132580	34128614
DP382_UAB832_S74_L001	56639764	41747434	41662992	41659288
DP383_UAB832_S75_L001	81536496	58784140	58763234	58757136
DP384_UAB832_S76_L001	65328140	47325624	47319440	47315135
DP385_UAB832_S77_L001	31804770	23028726	23003004	23000539
DP389_UAB832_S78_L001	76466358	52604972	51511892	51506904
DP391_UAB832_S79_L001	61357188	41867186	41858052	41854515
DP392_UAB832_S80_L001	61811410	45513494	45213984	45209624
DP393_UAB832_S81_L001	66617040	47997360	47994624	47988543
DP394_UAB832_S82_L001	62029582	47283050	47270452	47266801
DP396_UAB832_S83_L001	50352300	36622042	36592480	36589034
DP397_UAB832_S84_L001	64436450	47309420	47288842	47284597
DP398_UAB832_S1_L002	119898040	82650410	82492992	82485891
DP399_UAB832_S2_L002	92302398	64078050	63620974	63615839
DP400_UAB832_S3_L002	62366754	43815346	43762530	43758215
DP401_UAB832_S4_L002	57447646	40848656	40832446	40826963
DP402_UAB832_S5_L002	59728980	41871850	41771036	41764707
DP404_UAB832_S6_L002	55930120	39860112	39402560	39399010
DP405_UAB832_S7_L002	66499518	45688390	45634810	45629342
DP406_UAB832_S8_L002	61524794	39181188	38830850	38827254
DP407_UAB832_S9_L002	89736946	52004980	51988748	51984693
DP408_UAB832_S10_L002	90280214	62514776	62507100	62502110
DP409_UAB832_S11_L002	85112522	58665884	58628616	58623824
DP412_UAB832_S13_L002	63578746	45513096	45457518	45453873
DP413_UAB832_S14_L002	50293112	35339228	35336996	35333914
DP414_UAB832_S15_L002	60829954	40376978	40340866	40337299
DP415_UAB832_S16_L002	53350158	29348160	29343530	29340584
DP416_UAB832_S17_L002	76779688	50419424	50406574	50402466
DP418_UAB832_S18_L002	52917660	37693272	37305042	37302056
DP419_UAB832_S19_L002	23922200	16466482	16461218	16459832
DP420_UAB832_S20_L002	42093834	29974770	29961278	29959200
DP422_UAB832_S21_L002	34440580	24168312	24117850	24115616
DP423_UAB832_S22_L002	32437220	23022784	23019002	23016752
DP424_UAB832_S23_L002	38960652	27192794	27170530	27168154
DP427_UAB832_S24_L002	52142986	35182102	35151482	35148565
DP428_UAB832_S25_L002	92701836	63949156	63572838	63567362
DP430_UAB832_S26_L002	35465796	23484268	23482498	23480301
DP431_UAB832_S27_L002	42631518	30089706	30083568	30080439
DP432_UAB832_S28_L002	56016702	41551004	41521656	41518442
DP434_UAB832_S29_L002	28906908	19910398	19907038	19905059
DP436_UAB832_S30_L002	82809498	59090916	58953402	58948304
DP437_UAB832_S31_L002	86895698	58677812	58669662	58659425
DP438_UAB832_S32_L002	43578808	30066462	30023576	30020669
DP439_UAB832_S33_L002	82671460	56956332	56842458	56837920
DP440_UAB832_S34_L002	65657290	41344362	40909354	40905859
DP441_UAB832_S35_L002	68007726	39052276	39045610	39042864
DP443_UAB832_S36_L002	80514830	55927228	55858130	55853378
DP444_UAB832_S37_L002	31486412	20845326	20823120	20820620
DP445_UAB832_S48_L002	88190744	55459752	55435218	55431031
DP446_UAB832_S49_L002	83404114	59612490	59545942	59541416
DP447_UAB832_S50_L002	74279750	52440262	52056830	52052042
DP448_UAB832_S51_L002	69062632	49240826	49236950	49233227
DP449_UAB832_S52_L002	41607026	28080968	28062104	28059601
DP450_UAB832_S53_L002	45016794	31723868	31721242	31718387
DP451_UAB832_S54_L002	30660272	22066552	22045512	22043551
DP452_UAB832_S55_L002	35592730	23063162	23048970	23047187
DP453_UAB832_S56_L002	71881000	48354922	48342468	48338825
DP454_UAB832_S57_L002	59770012	36790928	36778476	36773364
DP455_UAB832_S58_L002	34801748	23170616	23168050	23164941
DP456_UAB832_S59_L002	49283114	34992628	34636210	34633437
DP458_UAB832_S60_L002	31069594	20218718	20112742	20110669
DP459_UAB832_S61_L002	68984760	46039620	46012282	46007259
DP460_UAB832_S62_L002	73349254	51692616	51215088	51210511
DP463_UAB832_S63_L002	84380258	58809498	58794836	58789330
DP464_UAB832_S64_L002	96200772	63205158	63183958	63178876
DP466_UAB832_S65_L002	86029704	59310270	59293356	59286659
DP467_UAB832_S66_L002	73579168	51797590	51681026	51674805
DP469_UAB832_S67_L002	42184300	29614458	29529324	29523415
DP470_UAB832_S68_L002	71873370	47806760	47804016	47799200
DP472_UAB832_S69_L002	69814860	50167622	49854924	49850408
DP473_UAB832_S70_L002	53709612	37463166	33184540	33181125
DP474_UAB832_S71_L002	79206620	54193926	54024750	54019688
DP476_UAB832_S72_L002	91482726	60267186	60255726	60247161
DP477_UAB832_S84_L002	76765466	54760300	54671364	54666039
DP478_UAB832_S85_L002	54767700	40552364	40544488	40540992
DP480_UAB832_S86_L002	61514246	44947122	44908690	44904638
DP483_UAB832_S87_L002	54213250	38258482	38252624	38249355
DP485_UAB832_S88_L002	78738718	54423270	54407798	54402802
DP486_UAB832_S89_L002	88152854	62096752	62069450	62063407
DP488_UAB832_S90_L002	50569768	36820460	36768022	36764221
DP489_UAB832_S91_L002	71312308	52858968	52845866	52841626
DP490_UAB832_S1_L003	65625240	47437180	47326576	47321785
DP491_UAB832_S2_L003	54745564	41423098	41384810	41380674
DP492_UAB832_S3_L003	48755792	36769142	36731538	36727936
DP493_UAB832_S4_L003	48227056	36783210	36769534	36765807
DP494_UAB832_S5_L003	61084018	45937564	45911834	45907691
DP495_UAB832_S6_L003	62142924	47279984	47271220	47266893
DP497_UAB832_S7_L003	74278766	54978012	54970936	54965465
DP498_UAB832_S8_L003	71052336	54812234	54787492	54782772
DP499_UAB832_S9_L003	63944152	49856750	49821854	49817252
DP500_UAB832_S10_L003	59758642	44838520	44829486	44825690
DP501_UAB832_S11_L003	50486128	38961430	38915022	38911880
DP502_UAB832_S12_L003	54687490	42992936	42863756	42860259
DP503_UAB832_S13_L003	44425354	34597918	34376130	34373164
DP504_UAB832_S14_L003	67469980	52078498	52062578	52057991
DP506_UAB832_S15_L003	43753406	33478606	33345950	33342076
DP507_UAB832_S16_L003	55619418	41835916	41822026	41817022
DP508_UAB832_S17_L003	56032512	42486312	42470684	42467017
DP509_UAB832_S25_L003	46839500	33977726	33914296	33911033
DP511_UAB832_S26_L003	59638758	43408732	43394560	43390728
DP513_UAB832_S27_L003	50342106	37916972	37910896	37907611
DP514_UAB832_S28_L003	54875882	41081824	41077576	41073755
DP515_UAB832_S29_L003	50221614	38244896	38128318	38125103
DP516_UAB832_S30_L003	68919242	52023446	52003900	51999203
DP518_UAB832_S31_L003	57890698	44507388	44483332	44479492
DP520_UAB832_S32_L003	61633008	46810832	46807890	46803767
DP523_UAB832_S33_L003	74973522	54609944	54524590	54519815
DP524_UAB832_S34_L003	64167110	48484100	48432736	48428982
DP525_UAB832V2_S96_L003	385006182	258537780	258233628	258208692
DP527_UAB832_S35_L003	71991202	55267982	55261202	55256448
DP528_UAB832_S36_L003	66417652	50656500	50630100	50625983
DP529_UAB832_S37_L003	54517000	41741940	41725652	41722128
DP530_UAB832_S38_L003	76595272	55662382	55644462	55639338
DP532_UAB832_S39_L003	72048586	54102172	54094560	54090212
DP533_UAB832_S40_L003	54801938	39690280	39685078	39680936
DP535_UAB832_S41_L003	71979842	54371674	54338918	54334134
DP537_UAB832_S42_L003	28748614	20852426	20826162	20824170
DP538_UAB832_S43_L003	55269998	42251788	42241014	42237435
DP539_UAB832_S44_L003	48137590	35300574	35216564	35213743
DP540_UAB832_S45_L003	58317430	44644640	44643174	44639372
DP541_UAB832_S46_L003	69961540	51419110	51406918	51401317
DP542_UAB832_S47_L003	69358024	50955922	50947862	50943046
DP544_UAB832_S48_L003	74446328	55615024	55579314	55573992
DP545_UAB832_S60_L003	62292400	46129664	46119136	46114907
DP546_UAB832_S61_L003	66254282	49342162	49309638	49304803
DP547_UAB832_S62_L003	62485360	47348328	47294974	47290251
DP548_UAB832_S63_L003	58350204	41939642	41874362	41869897
DP550_UAB832_S64_L003	59559842	40638480	40516808	40513027
DP552_UAB832_S65_L003	62084842	45760968	45347114	45342481
DP553_UAB832_S66_L003	61692422	46026172	46012806	46008032
DP554_UAB832_S67_L003	60355488	45156338	44925086	44920811
DP556_UAB832_S68_L003	54568932	40410686	40134408	40130902
DP558_UAB832_S69_L003	62302172	44618318	44583668	44579451
DP560_UAB832_S70_L003	60672310	45409044	45405040	45400606
DP562_UAB832_S71_L003	84673118	60372126	60365100	60359206
DP563_UAB832_S72_L003	65570216	48859732	48758672	48753899
DP564_UAB832_S73_L003	60043934	44149244	43868504	43864402
DP566_UAB832_S74_L003	59303066	43899916	43834158	43830270
DP567_UAB832_S75_L003	58300732	42619480	42613258	42609056
DP568_UAB832_S76_L003	56030572	41075584	41070010	41066385
DP569_UAB832_S77_L003	59366726	44420064	44405206	44401398
DP570_UAB832_S78_L003	61321620	44577144	44551418	44547055
DP571_UAB832_S79_L003	62824220	43990474	43920814	43916764
DP572_UAB832_S80_L003	56792648	42764324	42733908	42729908
DP574_UAB832_S81_L003	59445476	42982512	42730626	42726696
DP576_UAB832_S82_L003	61969308	46544128	46451932	46446755
DP577_UAB832_S83_L003	66105208	50258500	50182542	50177974
DP578_UAB832_S84_L003	51417206	38713718	38654760	38651066
DP579_UAB832_S1_L004	57255914	40772940	40765826	40761976
DP580_UAB832_S2_L004	70317342	49289906	49279284	49270123
DP581_UAB832_S3_L004	63725476	45778730	45754806	45749705
DP582_UAB832_S4_L004	51535802	35726774	35715736	35710367
DP585_UAB832_S5_L004	54451388	38819498	38775854	38771298
DP587_UAB832_S6_L004	44615760	32697134	32693048	32690090
DP589_UAB832_S7_L004	61508202	42924714	42919206	42915172
DP590_UAB832_S8_L004	65030672	43404248	43394640	43390199
DP591_UAB832_S9_L004	47990228	33168964	33160848	33158074
DP593_UAB832_S10_L004	39721386	27805952	27802822	27800097
DP594_UAB832_S11_L004	33560828	23972744	23969116	23967163
DP595_UAB832_S12_L004	17878792	12978772	12965058	12963983
DP596_UAB832_S13_L004	28226538	19985352	19977690	19976011
DP597_UAB832_S14_L004	36649442	27086330	27028116	27025866
DP598_UAB832_S15_L004	36919572	25719844	25688254	25686001
DP600_UAB832_S16_L004	68966738	47720240	47692402	47688432
DP601_UAB832_S17_L004	57284490	39404280	39354434	39350449
DP602_UAB832_S18_L004	43243948	29641656	29606410	29603469
DP603_UAB832_S19_L004	19009420	13136988	13121474	13120353
DP604_UAB832_S20_L004	25008698	15986896	15976854	15975132
DP605_UAB832_S21_L004	18488072	12786652	12731850	12730694
DP606_UAB832_S22_L004	56071172	38107982	38103024	38099644
DP607_UAB832_S23_L004	79175306	55115660	53926386	53919939
DP610_UAB832_S24_L004	22122016	14549674	14522380	14520554
DP611_UAB832_S25_L004	77630182	50782830	50692366	50686640
DP613_UAB832_S36_L004	50693240	35509794	35508628	35505333
DP615_UAB832_S37_L004	54612172	33978234	33744006	33741020
DP616_UAB832_S38_L004	51518926	37287556	37260772	37257426
DP618_UAB832_S39_L004	62460312	44228380	44217902	44213191
DP619_UAB832_S40_L004	51074422	35915396	35665030	35662132
DP620_UAB832_S41_L004	56246580	39968548	39951014	39947189
DP621_UAB832_S42_L004	68379702	49002560	48877732	48873028
DP622_UAB832_S43_L004	60963678	44836468	44815188	44810994
DP623_UAB832_S44_L004	42254602	31713284	31703608	31700988
DP624_UAB832_S45_L004	67614236	50105126	50072098	50067844
DP625_UAB832_S46_L004	74649250	55134324	54996162	54990996
DP626_UAB832_S47_L004	64694676	46892870	42918130	42914399
DP627_UAB832_S48_L004	57067734	43343290	43338300	43334655
DP628_UAB832_S49_L004	59096518	43145424	42872506	42869051
DP631_UAB832_S50_L004	74377278	54646840	54623414	54618784
DP632_UAB832_S51_L004	63205566	46663164	46504960	46501410
DP634_UAB832_S52_L004	57685960	43264590	43205586	43202070
DP637_UAB832_S53_L004	67126108	49677700	49617208	49613677
DP638_UAB832_S54_L004	57750444	43327870	43324150	43320456
DP639_UAB832_S55_L004	54899050	41653830	41639496	41636317
DP640_UAB832_S56_L004	51770988	37782930	37768374	37764965
DP641_UAB832_S57_L004	52494558	38041470	38033664	38029764
DP642_UAB832_S58_L004	58456932	43809788	43751062	43747615
DP644_UAB832_S59_L004	58353268	43738786	43729126	43725592
DP646_UAB832_S60_L004	40058526	29653840	29572732	29570377
SC0558_UAB832_S93_L004	57634520	41589740	41587200	41583763
SC0637_UAB832_S92_L004	58597414	43529848	43516202	43511998
SP1110_UAB832_S88_L004	64421726	46028842	46025288	46020628
SP1112_UAB832_S89_L004	62267228	47138560	47126210	47122105
SP1113_UAB832_S90_L004	48088652	36755342	36449866	36447387
SP1114_UAB832_S91_L004	69742880	52430402	52384836	52379954